>> Areum_Final_04
sum_down = 0
find_cir = 1

dif_x =

  228.2884


dif_y =

   49.2980

중심 맞추기
find_cir = 1

dif_x =

  196.7033


dif_y =

  -51.2606

중심 맞추기
find_cir = 1

dif_x =

  156.4423


dif_y =

   31.8329

중심 맞추기
find_cir = 1

dif_x =

  118.7597


dif_y =

  -58.7945

중심 맞추기
find_cir = 1

dif_x =

  105.0629


dif_y =

   42.1167

중심 맞추기
find_cir = 1

dif_x =

   70.0235


dif_y =

  -44.2709

중심 맞추기
find_cir = 1

dif_x =

   23.0001


dif_y =

   35.9700